[header]
width=64
height=16
tilewidth=16
tileheight=16
orientation=orthogonal

[tilesets]
tileset=arne_sprites.png,16,16,0,0

[layer]
type=Tile Layer 1
data=
21,97,98,97,98,97,98,97,98,97,98,97,98,97,98,97,98,97,98,97,98,97,98,97,98,97,98,97,98,97,98,97,98,97,98,97,98,97,98,97,98,97,98,97,98,97,98,97,98,97,98,97,98,97,98,97,98,97,98,97,98,116,21,0,
21,0,0,0,0,0,0,0,0,0,0,0,0,0,0,0,0,0,0,0,0,0,0,0,0,0,0,0,0,0,0,0,0,0,0,0,0,0,0,0,0,0,0,0,0,0,0,0,0,0,0,0,0,0,0,0,0,0,0,0,0,0,21,0,
21,0,0,0,0,0,0,0,0,0,0,0,0,0,0,0,97,98,0,0,0,0,0,0,0,0,0,0,0,0,0,0,0,0,0,0,0,0,0,0,0,0,0,0,0,0,0,0,0,0,0,0,0,0,0,0,0,0,0,0,0,0,21,0,
21,0,0,0,0,0,0,0,0,0,0,0,0,0,0,0,0,0,0,0,0,0,0,0,0,0,0,0,0,0,0,0,0,0,0,0,0,0,0,0,0,0,0,0,116,0,0,0,0,0,0,0,0,0,0,0,0,0,0,0,0,0,21,0,
21,0,0,0,0,0,0,0,0,0,0,0,0,0,0,0,0,0,0,0,0,0,0,0,0,0,0,0,0,0,0,0,116,97,98,0,0,0,0,0,0,0,0,0,0,0,0,0,0,0,0,0,0,0,0,0,0,0,0,0,0,0,21,0,
21,0,0,0,97,98,0,0,0,0,0,0,0,0,0,0,97,98,0,0,0,0,0,0,0,0,0,0,0,0,0,0,0,0,0,0,0,0,0,0,0,0,0,0,0,0,0,0,116,0,0,0,0,0,116,0,0,0,0,0,0,0,21,0,
21,97,98,0,0,0,0,0,0,0,0,0,0,0,0,0,0,0,0,0,0,0,0,0,0,0,0,0,0,0,0,0,0,0,0,0,0,0,0,0,0,116,0,0,0,0,0,0,0,0,0,0,0,0,0,0,0,0,0,0,0,0,21,0,
21,0,0,0,0,0,0,0,0,0,0,0,0,0,0,0,0,0,0,0,0,0,0,0,0,97,98,0,0,0,0,0,0,0,0,0,0,0,0,0,0,0,0,0,0,0,0,0,0,0,0,0,116,0,0,0,0,0,0,0,0,0,21,0,
21,0,0,0,0,0,0,0,0,0,0,0,0,0,0,0,97,98,0,0,0,0,0,0,0,0,0,0,0,0,0,0,0,0,0,0,0,0,116,0,0,0,0,0,0,0,0,0,0,0,0,0,0,0,0,0,0,0,0,0,0,0,21,0,
21,0,0,97,98,0,0,0,0,0,0,0,0,0,0,0,0,0,0,0,0,0,0,0,0,0,0,0,0,0,0,0,0,0,0,0,0,0,0,0,0,0,0,0,0,0,0,0,116,0,0,0,0,0,0,0,0,0,0,0,0,0,21,0,
21,0,0,0,0,0,0,0,0,0,0,0,0,0,0,0,0,0,0,0,0,0,0,0,0,0,0,97,98,0,0,0,0,0,0,0,0,0,0,0,0,0,0,0,0,0,0,0,0,0,0,0,0,0,0,0,0,0,0,0,0,0,21,0,
21,97,98,0,0,0,0,0,0,0,0,0,0,0,0,0,97,98,0,0,0,0,0,0,0,0,0,0,0,0,0,0,0,0,0,0,0,0,0,0,0,0,0,0,116,0,0,0,0,0,0,0,0,0,0,0,0,0,0,0,0,0,21,0,
21,0,0,0,0,0,0,0,0,0,0,0,0,0,0,0,0,0,0,0,0,0,0,0,0,0,0,0,0,0,97,98,0,0,0,0,0,0,0,0,0,0,0,0,0,0,0,0,0,0,0,0,0,0,0,0,0,0,0,0,0,0,21,0,
21,0,0,0,97,98,0,0,0,0,0,0,0,0,0,0,0,0,0,0,0,0,0,97,98,0,0,0,0,0,0,0,0,0,0,0,0,0,0,0,0,0,0,0,0,0,0,0,0,0,0,0,0,0,0,0,0,0,0,0,0,0,21,0,
21,0,0,0,0,0,0,0,0,0,0,0,0,0,0,0,116,0,0,0,0,0,0,0,0,0,0,0,0,0,0,0,0,97,98,0,0,0,0,0,0,0,0,0,0,0,0,0,0,0,0,0,0,0,0,0,0,0,0,0,0,0,21,0,
106,106,106,101,101,101,101,101,101,101,101,101,101,101,101,101,101,101,101,101,101,101,101,101,101,101,101,101,101,101,101,101,101,101,101,101,101,106,106,101,101,101,101,101,101,101,101,101,101,101,101,101,101,101,101,101,101,101,101,101,101,101,106,0

[Object Layer 1]
# Rock
type=Rock
location=1,14,1,1

[Object Layer 1]
# Gem
type=Gem
location=4,3,1,1

[Object Layer 1]
# Gem
type=Gem
location=9,6,1,1

[Object Layer 1]
# Gem
type=Gem
location=9,10,1,1

[Object Layer 1]
# Gem
type=Gem
location=25,6,1,1

[Object Layer 1]
# Gem
type=Gem
location=37,14,1,1

[Object Layer 1]
# Gem
type=Gem
location=38,13,1,1

[Object Layer 1]
# Gem
type=Gem
location=36,3,1,1

[Object Layer 1]
# Gem
type=Gem
location=18,2,1,1

[Object Layer 1]
# Gem
type=Gem
location=25,6,1,1

[Object Layer 1]
# Gem
type=Gem
location=27,9,1,1

[Object Layer 1]
# Gem
type=Gem
location=37,13,1,1

[Object Layer 1]
# Gem
type=Gem
location=38,14,1,1

[Object Layer 1]
# Gem
type=Gem
location=42,5,1,1

[Object Layer 1]
# Gem
type=Gem
location=40,11,1,1

[Object Layer 1]
# Gem
type=Gem
location=36,6,1,1

[Object Layer 1]
# Gem
type=Gem
location=45,9,1,1

[Object Layer 1]
# Gem
type=Gem
location=46,4,1,1

[Object Layer 1]
# Gem
type=Gem
location=43,2,1,1

[Object Layer 1]
# Gem
type=Gem
location=50,6,1,1

[Object Layer 1]
# Gem
type=Gem
location=47,8,1,1

[Object Layer 1]
# Gem
type=Gem
location=53,4,1,1

[Object Layer 1]
# Gem
type=Gem
location=59,13,1,1

[Object Layer 1]
# Gem
type=Gem
location=50,3,1,1

[Object Layer 1]
# Gem
type=Gem
location=56,2,1,1

[Object Layer 1]
# Gem
type=Gem
location=57,9,1,1

[Object Layer 1]
# Gem
type=Gem
location=59,7,1,1

[Object Layer 1]
# Gem
type=Gem
location=60,5,1,1

[Object Layer 1]
# Gem
type=Gem
location=59,4,1,1

[Object Layer 1]
# Gem
type=Gem
location=58,3,1,1

